343
247 114
251 114
255 114
259 114
263 114
267 114
271 114
275 114
279 114
283 114
287 114
291 114
295 114
299 114
303 114
307 114
311 114
315 114
319 114
323 114
327 114
331 115
331 119
332 123
332 127
334 131
337 135
340 139
340 143
340 147
340 151
340 155
340 159
340 163
341 167
341 171
341 175
341 179
341 183
341 187
339 189
335 189
331 189
327 189
323 189
319 189
315 189
311 189
307 189
303 189
299 189
295 189
291 189
287 189
283 189
279 189
275 189
271 189
267 189
263 189
259 189
255 189
251 189
247 189
243 189
239 189
235 189
233 187
233 183
233 179
233 175
233 171
233 167
233 163
233 159
234 155
234 151
234 147
234 143
234 139
237 135
241 131
244 127
244 123
244 119
244 115
